11,5,22
11,17,3
3,38,22
8,14,33
5,7,45
10,5,1
4,29,6
11,33,18
41,111,4
4,0,7
2,6,35
0,3,12
8,9,15
14,18,45
62,53,18
4,9,11
10,30,2
5,7,20
21,19,0
1,13,12
20,36,18
5,10,4
6,10,28
26,32,7
5,12,14
0,31,1
1,16,4
8,11,7
12,18,13
14,4,12
13,19,1
3,1,12
21,8,5
3,12,3
63,25,10
14,7,0
0,4,29
5,1,6
4,5,6
56,0,33
39,13,16
2,27,51
4,1,6
6,27,18
4,6,14
12,6,2
0,31,44
30,6,0
25,6,5
8,14,40
9,19,33
7,9,1
36,4,10
10,14,39
8,2,21
4,28,34
3,23,38
6,5,12
4,11,16
8,15,3
40,17,4
10,19,3
1,4,0
4,2,10
2,9,33
2,1,14
3,3,13
15,32,23
10,2,2
55,23,1
46,7,9
8,32,35
27,14,4
6,156,26
33,38,2
13,3,8
4,2,23
1,14,12
31,1,12
18,16,85
20,0,38
0,13,7
28,21,5
23,10,11
1,4,0
3,29,25
12,21,13
14,8,2
1,10,19
43,68,14
5,62,1
38,9,13
3,8,26
3,4,2
4,2,3
9,5,15
6,15,6
18,3,1
3,0,6
3,2,12
13,1,33
42,26,0
0,10,9
23,15,18
4,40,4
28,10,3
26,3,1
1,10,11
2,5,21
5,0,1
1,5,24
14,31,14
27,41,6
17,37,5
8,15,17
24,3,9
1,11,33
42,1,22
57,2,3
10,11,45
6,4,0
7,12,16
0,1,3
2,14,4
9,13,4
1,7,6
16,2,14
20,11,17
8,19,19
23,15,8
11,9,22
20,4,13
1,10,12
1,4,24
37,4,8
6,15,7
4,1,3
2,7,16
16,8,0
21,18,44
2,9,3
9,18,20
33,12,16
23,15,13
65,11,3
8,21,10
39,16,1
8,24,0
5,11,14
69,3,21
8,22,9
1,19,5
12,2,8
38,16,10
14,26,1
2,2,13
25,12,1
27,15,10
17,38,11
8,10,3
1,4,1
1,21,27
6,17,43
0,5,2
9,10,2
5,25,26
9,0,4
29,1,5
14,11,12
15,17,23
0,21,3
4,12,2
19,24,25
24,24,10
5,23,21
4,58,9
1,21,2
1,11,0
5,14,9
13,25,1
8,12,22
28,29,14
20,9,13
16,10,28
2,8,24
41,5,7
2,3,2
1,7,27
11,21,7
30,5,10
5,35,0
6,0,46
17,22,37
15,6,20
8,36,7
22,1,18
0,6,16
26,13,3
11,7,2
10,3,9
1,16,14
3,44,6
13,16,4
21,13,25
21,11,11
13,3,28
23,1,14
11,28,28
4,7,4
12,4,8
2,18,15
9,5,18
2,1,28
7,25,49
1,51,21
50,11,9
4,20,10
27,4,12
3,16,14
63,20,9
7,0,20
2,26,17
10,7,0
16,12,16
0,10,0
38,59,5
5,3,1
29,32,42
15,17,12
4,4,26
1,7,19
1,3,22
2,27,6
2,2,0
2,8,54
21,11,4
3,2,13
33,9,8
4,7,21
19,12,5
17,8,31
7,17,12
47,9,0
41,1,43
4,4,1
3,2,10
6,4,8
13,8,1
9,14,9
12,29,18
33,11,1
8,12,23
3,0,4
4,13,5
11,61,17
6,30,4
27,32,21
54,28,7
15,16,16
20,10,5
25,12,10
3,7,2
1,8,10
17,1,67
10,61,3
2,2,30
3,10,3
5,39,82
6,15,4
28,22,9
4,14,20
34,62,45
2,20,27
10,22,5
7,19,18
7,3,6
1,6,7
15,6,11
20,2,31
13,3,3
2,1,7
9,7,14
20,33,8
32,6,19
14,59,2
9,7,7
18,4,1
10,2,22
5,4,2
7,14,9
0,6,15
33,5,13
14,40,3
19,1,39
33,8,5
12,2,5
13,0,34
59,4,19
25,8,16
8,18,1
39,21,13
48,8,10
4,20,37
17,2,8
5,15,9
6,7,1
9,24,12
23,2,24
8,16,52
1,3,14
10,11,17
5,15,37
12,9,9
6,2,14
26,12,12
19,6,14
7,1,11
28,2,1
14,11,54
15,5,37
7,25,38
29,1,3
41,47,17
6,9,7
8,51,16
2,17,19
7,9,42
10,20,6
23,5,0
6,21,6
37,19,7
6,11,29
4,2,3
45,1,14
25,30,8
3,2,10
12,5,39
12,5,7
18,11,8
12,20,7
3,6,3
10,17,9
30,30,5
35,9,11
21,30,0
3,26,3
18,20,19
5,18,13
5,19,43
9,6,3
46,4,7
11,8,7
11,27,8
0,5,19
2,3,12
10,12,4
16,17,22
21,1,27
0,10,2
8,15,7
7,11,0
22,26,10
9,9,19
36,2,8
11,4,44
19,0,36
50,9,3
24,8,34
3,34,30
7,10,5
27,31,4
3,1,10
64,2,10
21,4,6
5,16,3
24,18,24
9,15,12
9,7,15
11,2,16
18,3,26
3,14,8
11,5,9
15,6,36
50,12,1
17,7,16
8,15,17
12,9,5
16,0,22
9,1,11
15,6,34
38,13,2
8,20,55
1,3,7
3,8,12
10,6,6
2,16,2
7,11,5
4,15,47
13,5,0
14,2,27
1,10,2
0,5,17
5,6,21
9,47,10
11,6,4
20,0,17
3,31,9
11,19,18
24,29,18
0,14,12
1,9,23
17,33,36
92,4,8
5,20,2
6,74,4
0,17,27
29,40,17
0,82,3
21,25,15
16,11,8
0,12,5
1,5,0
14,2,3
21,23,6
16,11,11
2,1,6
2,4,22
13,8,5
17,12,29
12,5,49
35,4,0
14,32,5
9,2,5
8,3,8
6,5,3
6,6,2
5,19,0
13,1,25
10,62,8
28,28,19
13,23,27
15,12,9
28,2,9
10,2,10
10,24,9
9,10,26
7,18,1
1,2,1
19,7,15
3,2,54
20,15,22
8,6,6
1,19,23
11,6,12
6,13,13
54,7,32
27,5,7
21,4,6
10,2,0
14,2,47
3,14,6
28,15,2
33,21,14
11,8,5
30,15,26
14,21,1
11,7,19
32,8,2
2,1,7
5,15,4
13,13,4
19,36,8
18,15,9
1,6,11
4,11,36
11,20,2
9,4,43
7,41,3
8,10,5
20,2,13
19,6,14
6,52,6
74,6,7
2,15,5
2,42,1
18,0,7
8,6,63
9,19,10
8,10,3
9,11,58
3,36,13
19,37,31
0,18,1
2,21,32
1,4,12
39,25,3
0,38,22
18,14,17
2,3,34
21,18,47
